,record_name,atom_number,blank_1,atom_name,alt_loc,residue_name,blank_2,chain_id,residue_number,insertion,blank_3,x_coord,y_coord,z_coord,occupancy,b_factor,blank_4,segment_id,element_symbol,charge,line_idx
0,HETATM,1,,C,,LIG,,,1,,,-11.257,15.924,67.303,1.0,0.0,,,C,,11
1,HETATM,2,,C,,LIG,,,1,,,-10.677,16.91,68.02,1.0,0.0,,,C,,12
2,HETATM,3,,O,,LIG,,,1,,,-10.827,17.047,69.397,1.0,0.0,,,O,,13
3,HETATM,4,,C,,LIG,,,1,,,-11.511,16.067,70.098,1.0,0.0,,,C,,14
4,HETATM,5,,C,,LIG,,,1,,,-12.053,14.999,69.492,1.0,0.0,,,C,,15
5,HETATM,6,,C,,LIG,,,1,,,-12.026,14.837,68.009,1.0,0.0,,,C,,16
6,HETATM,7,,C,,LIG,,,1,,,-12.755,13.932,70.291,1.0,0.0,,,C,,17
7,HETATM,8,,O,,LIG,,,1,,,-12.081,12.695,70.032,1.0,0.0,,,O,,18
8,HETATM,9,,C,,LIG,,,1,,,-12.19,11.663,70.887,1.0,0.0,,,C,,19
9,HETATM,10,,N,,LIG,,,1,,,-11.65,10.541,70.583,1.0,0.0,,,N,,20
10,HETATM,11,,O,,LIG,,,1,,,-12.84,11.814,72.052,1.0,0.0,,,O,,21
11,HETATM,12,,C,,LIG,,,1,,,-13.406,13.054,72.462,1.0,0.0,,,C,,22
12,HETATM,13,,C,,LIG,,,1,,,-12.772,14.188,71.757,1.0,0.0,,,C,,23
13,HETATM,14,,C,,LIG,,,1,,,-12.244,15.31,72.296,1.0,0.0,,,C,,24
14,HETATM,15,,N,,LIG,,,1,,,-11.62,16.221,71.457,1.0,0.0,,,N,,25
15,HETATM,16,,O,,LIG,,,1,,,-14.791,13.055,72.165,1.0,0.0,,,O,,26
16,HETATM,17,,C,,LIG,,,1,,,-9.791,17.919,67.419,1.0,0.0,,,C,,27
17,HETATM,18,,N,,LIG,,,1,,,-10.395,18.699,66.501,1.0,0.0,,,N,,28
18,HETATM,19,,C,,LIG,,,1,,,-9.648,19.665,65.968,1.0,0.0,,,C,,29
19,HETATM,20,,F,,LIG,,,1,,,-10.223,20.445,65.043,1.0,0.0,,,F,,30
20,HETATM,21,,N,,LIG,,,1,,,-8.369,19.916,66.268,1.0,0.0,,,N,,31
21,HETATM,22,,C,,LIG,,,1,,,-7.776,19.125,67.172,1.0,0.0,,,C,,32
22,HETATM,23,,C,,LIG,,,1,,,-8.445,18.058,67.786,1.0,0.0,,,C,,33
23,HETATM,24,,C,,LIG,,,1,,,-6.446,19.354,67.535,1.0,0.0,,,C,,34
24,HETATM,25,,C,,LIG,,,1,,,-7.75,17.212,68.688,1.0,0.0,,,C,,35
25,HETATM,26,,C,,LIG,,,1,,,-6.412,17.458,69.0,1.0,0.0,,,C,,36
26,HETATM,27,,C,,LIG,,,1,,,-5.673,16.543,69.878,1.0,0.0,,,C,,37
27,HETATM,28,,C,,LIG,,,1,,,-5.763,18.557,68.459,1.0,0.0,,,C,,38
28,HETATM,29,,O,,LIG,,,1,,,-6.178,15.526,70.327,1.0,0.0,,,O,,39
29,HETATM,30,,C,,LIG,,,1,,,-4.235,16.907,70.172,1.0,0.0,,,C,,40
30,HETATM,31,,O,,LIG,,,1,,,-3.441,16.074,70.583,1.0,0.0,,,O,,41
31,HETATM,32,,C,,LIG,,,1,,,-3.916,18.364,69.95,1.0,0.0,,,C,,42
32,HETATM,33,,O,,LIG,,,1,,,-4.476,18.915,68.753,1.0,0.0,,,O,,43
33,HETATM,34,,F,,LIG,,,1,,,-5.789,20.391,66.986,1.0,0.0,,,F,,44
34,HETATM,35,,C,,LIG,,,1,,,-4.298,19.183,71.141,1.0,0.0,,,C,,45
35,HETATM,36,,O,,LIG,,,1,,,-5.259,18.596,72.055,1.0,0.0,,,O,,46
36,HETATM,37,,O,,LIG,,,1,,,-3.212,19.88,71.749,1.0,0.0,,,O,,47
37,HETATM,38,,C,,LIG,,,1,,,-4.185,20.644,71.204,1.0,0.0,,,C,,48
38,HETATM,39,,O,,LIG,,,1,,,-4.907,21.449,71.734,1.0,0.0,,,O,,49
39,HETATM,40,,O,,LIG,,,1,,,-11.087,15.828,65.924,1.0,0.0,,,O,,50
40,HETATM,41,,C,,LIG,,,1,,,-10.692,14.541,65.433,1.0,0.0,,,C,,51
41,HETATM,42,,O,,LIG,,,1,,,-10.14,13.747,66.483,1.0,0.0,,,O,,52
42,HETATM,43,,C,,LIG,,,1,,,-9.72,12.478,66.128,1.0,0.0,,,C,,53
43,HETATM,44,,C,,LIG,,,1,,,-8.762,11.861,66.831,1.0,0.0,,,C,,54
44,HETATM,45,,C,,LIG,,,1,,,-10.348,11.726,65.003,1.0,0.0,,,C,,55
45,HETATM,46,,O,,LIG,,,1,,,-8.125,12.461,67.885,1.0,0.0,,,O,,56
46,HETATM,47,,C,,LIG,,,1,,,-11.501,12.448,64.337,1.0,0.0,,,C,,57
47,HETATM,48,,O,,LIG,,,1,,,-9.971,10.631,64.62,1.0,0.0,,,O,,58
48,HETATM,49,,C,,LIG,,,1,,,-11.883,13.817,64.837,1.0,0.0,,,C,,59
49,HETATM,50,,O,,LIG,,,1,,,-12.079,11.96,63.381,1.0,0.0,,,O,,60
50,HETATM,51,,O,,LIG,,,1,,,-13.027,14.232,64.735,1.0,0.0,,,O,,61
51,HETATM,52,,C,,LIG,,,1,,,-12.269,15.649,73.736,1.0,0.0,,,C,,62
52,HETATM,53,,O,,LIG,,,1,,,-12.137,17.005,74.192,1.0,0.0,,,O,,63
53,HETATM,54,,O,,LIG,,,1,,,-13.389,16.312,74.348,1.0,0.0,,,O,,64
