,record_name,atom_number,blank_1,atom_name,alt_loc,residue_name,blank_2,chain_id,residue_number,insertion,blank_3,x_coord,y_coord,z_coord,occupancy,b_factor,blank_4,segment_id,element_symbol,charge,line_idx
0,HETATM,1,,C,,LIG,,,1,,,-11.105,16.003,67.188,1.0,0.0,,,C,,11
1,HETATM,2,,C,,LIG,,,1,,,-10.579,17.01,67.918,1.0,0.0,,,C,,12
2,HETATM,3,,O,,LIG,,,1,,,-10.762,17.139,69.29,1.0,0.0,,,O,,13
3,HETATM,4,,C,,LIG,,,1,,,-11.446,16.148,69.975,1.0,0.0,,,C,,14
4,HETATM,5,,C,,LIG,,,1,,,-11.953,15.066,69.359,1.0,0.0,,,C,,15
5,HETATM,6,,C,,LIG,,,1,,,-11.857,14.888,67.876,1.0,0.0,,,C,,16
6,HETATM,7,,C,,LIG,,,1,,,-12.669,14.001,70.154,1.0,0.0,,,C,,17
7,HETATM,8,,O,,LIG,,,1,,,-12.026,12.755,69.882,1.0,0.0,,,O,,18
8,HETATM,9,,C,,LIG,,,1,,,-12.084,11.693,70.722,1.0,0.0,,,C,,19
9,HETATM,10,,O,,LIG,,,1,,,-11.601,10.613,70.408,1.0,0.0,,,O,,20
10,HETATM,11,,O,,LIG,,,1,,,-12.687,11.874,71.924,1.0,0.0,,,O,,21
11,HETATM,12,,C,,LIG,,,1,,,-13.299,13.1,72.355,1.0,0.0,,,C,,22
12,HETATM,13,,C,,LIG,,,1,,,-12.695,14.245,71.627,1.0,0.0,,,C,,23
13,HETATM,14,,C,,LIG,,,1,,,-12.176,15.371,72.17,1.0,0.0,,,C,,24
14,HETATM,15,,N,,LIG,,,1,,,-11.586,16.302,71.33,1.0,0.0,,,N,,25
15,HETATM,16,,C,,LIG,,,1,,,-14.809,12.971,72.173,1.0,0.0,,,C,,26
16,HETATM,17,,C,,LIG,,,1,,,-9.709,18.047,67.332,1.0,0.0,,,C,,27
17,HETATM,18,,N,,LIG,,,1,,,-10.313,18.803,66.389,1.0,0.0,,,N,,28
18,HETATM,19,,C,,LIG,,,1,,,-9.583,19.796,65.877,1.0,0.0,,,C,,29
19,HETATM,20,,N,,LIG,,,1,,,-8.326,20.107,66.218,1.0,0.0,,,N,,30
20,HETATM,21,,C,,LIG,,,1,,,-7.739,19.339,67.14,1.0,0.0,,,C,,31
21,HETATM,22,,C,,LIG,,,1,,,-8.379,18.245,67.737,1.0,0.0,,,C,,32
22,HETATM,23,,C,,LIG,,,1,,,-6.433,19.639,67.516,1.0,0.0,,,C,,33
23,HETATM,24,,C,,LIG,,,1,,,-7.665,17.438,68.656,1.0,0.0,,,C,,34
24,HETATM,25,,C,,LIG,,,1,,,-6.341,17.747,68.987,1.0,0.0,,,C,,35
25,HETATM,26,,C,,LIG,,,1,,,-5.73,18.865,68.443,1.0,0.0,,,C,,36
26,HETATM,27,,C,,LIG,,,1,,,-5.578,16.857,69.866,1.0,0.0,,,C,,37
27,HETATM,28,,O,,LIG,,,1,,,-4.454,19.27,68.716,1.0,0.0,,,O,,38
28,HETATM,29,,C,,LIG,,,1,,,-3.82,18.699,69.861,1.0,0.0,,,C,,39
29,HETATM,30,,C,,LIG,,,1,,,-4.163,17.263,70.192,1.0,0.0,,,C,,40
30,HETATM,31,,O,,LIG,,,1,,,-3.393,16.482,70.736,1.0,0.0,,,O,,41
31,HETATM,32,,O,,LIG,,,1,,,-6.047,15.811,70.289,1.0,0.0,,,O,,42
32,HETATM,33,,C,,LIG,,,1,,,-4.021,19.572,71.059,1.0,0.0,,,C,,43
33,HETATM,34,,O,,LIG,,,1,,,-5.028,19.147,72.008,1.0,0.0,,,O,,44
34,HETATM,35,,O,,LIG,,,1,,,-2.81,20.075,71.631,1.0,0.0,,,O,,45
35,HETATM,36,,C,,LIG,,,1,,,-3.651,20.987,71.108,1.0,0.0,,,C,,46
36,HETATM,37,,O,,LIG,,,1,,,-4.198,21.925,71.64,1.0,0.0,,,O,,47
37,HETATM,38,,O,,LIG,,,1,,,-10.875,15.922,65.82,1.0,0.0,,,O,,48
38,HETATM,39,,C,,LIG,,,1,,,-10.644,14.626,65.258,1.0,0.0,,,C,,49
39,HETATM,40,,O,,LIG,,,1,,,-10.223,13.689,66.253,1.0,0.0,,,O,,50
40,HETATM,41,,C,,LIG,,,1,,,-10.024,12.392,65.809,1.0,0.0,,,C,,51
41,HETATM,42,,C,,LIG,,,1,,,-9.395,11.487,66.569,1.0,0.0,,,C,,52
42,HETATM,43,,C,,LIG,,,1,,,-10.59,11.914,64.521,1.0,0.0,,,C,,53
43,HETATM,44,,O,,LIG,,,1,,,-8.893,11.781,67.809,1.0,0.0,,,O,,54
44,HETATM,45,,C,,LIG,,,1,,,-11.771,12.737,64.055,1.0,0.0,,,C,,55
45,HETATM,46,,O,,LIG,,,1,,,-10.156,10.972,63.881,1.0,0.0,,,O,,56
46,HETATM,47,,C,,LIG,,,1,,,-11.934,14.124,64.623,1.0,0.0,,,C,,57
47,HETATM,48,,O,,LIG,,,1,,,-12.571,12.28,63.256,1.0,0.0,,,O,,58
48,HETATM,49,,O,,LIG,,,1,,,-13.002,14.711,64.552,1.0,0.0,,,O,,59
49,HETATM,50,,C,,LIG,,,1,,,-12.168,15.691,73.616,1.0,0.0,,,C,,60
50,HETATM,51,,O,,LIG,,,1,,,-12.134,17.049,74.095,1.0,0.0,,,O,,61
51,HETATM,52,,O,,LIG,,,1,,,-13.318,16.247,74.273,1.0,0.0,,,O,,62
